#"+ BPC Scan stir_50nm_sp-r002.d "
#Point,X(Minutes),Y(Counts)
0,0.059,262
1,0.076,305
2,0.093,420
3,0.109,275
4,0.126,267
5,0.143,300
6,0.159,452
7,0.176,435
8,0.193,346
9,0.209,321
10,0.226,336
11,0.242,263
12,0.259,286
13,0.276,426
14,0.292,379
15,0.309,272
16,0.326,289
17,0.342,372
18,0.359,281
19,0.375,327
20,0.392,341
21,0.409,291
22,0.425,284
23,0.442,323
24,0.459,510
25,0.475,335
26,0.492,375
27,0.509,328
28,0.525,306
29,0.542,298
30,0.558,386
31,0.575,311
32,0.592,276
33,0.608,306
34,0.625,334
35,0.642,317
36,0.658,290
37,0.675,312
38,0.692,270
39,0.708,298
40,0.725,318
41,0.741,346
42,0.758,352
43,0.775,321
44,0.791,326
45,0.808,351
46,0.825,293
47,0.841,303
48,0.858,333
49,0.874,432
50,0.891,408
51,0.908,349
52,0.924,367
53,0.941,317
54,0.958,332
55,0.974,316
56,0.991,270
57,1.008,289
58,1.024,346
59,1.041,510
60,1.058,293
61,1.074,286
62,1.091,400
63,1.107,307
64,1.124,372
65,1.141,343
66,1.157,314
67,1.174,511
68,1.191,376
69,1.207,265
70,1.224,317
71,1.240,288
72,1.257,481
73,1.274,291
74,1.290,327
75,1.307,272
76,1.324,377
77,1.340,282
78,1.357,422
79,1.374,335
80,1.390,355
81,1.407,366
82,1.423,320
83,1.440,275
84,1.457,312
85,1.473,277
86,1.490,312
87,1.507,297
88,1.523,418
89,1.540,318
90,1.557,295
91,1.573,375
92,1.590,309
93,1.606,267
94,1.623,290
95,1.640,352
96,1.656,454
97,1.673,506
98,1.690,301
99,1.706,341
100,1.723,345
101,1.739,351
102,1.756,398
103,1.773,256
104,1.789,361
105,1.806,270
106,1.823,310
107,1.839,377
108,1.856,407
109,1.873,289
110,1.889,463
111,1.906,441
112,1.922,325
113,1.939,313
114,1.956,330
115,1.972,289
116,1.989,267
117,2.006,303
118,2.022,292
119,2.039,301
120,2.056,367
121,2.072,280
122,2.089,272
123,2.105,362
124,2.122,292
125,2.139,295
126,2.155,270
127,2.172,342
128,2.189,433
129,2.205,344
130,2.222,272
131,2.238,405
132,2.255,301
133,2.272,272
134,2.288,334
135,2.305,330
136,2.322,294
137,2.338,320
138,2.355,255
139,2.372,255
140,2.388,271
141,2.405,385
142,2.421,347
143,2.438,308
144,2.455,281
145,2.471,261
146,2.488,334
147,2.505,257
148,2.521,290
149,2.538,356
150,2.555,255
151,2.571,301
152,2.588,275
153,2.604,286
154,2.621,376
155,2.638,286
156,2.654,316
157,2.671,255
158,2.688,310
159,2.704,329
160,2.721,256
161,2.737,288
162,2.754,255
163,2.771,392
164,2.787,300
165,2.804,277
166,2.821,323
167,2.837,262
168,2.854,510
169,2.871,268
170,2.887,344
171,2.904,311
172,2.920,285
173,2.937,359
174,2.954,335
175,2.970,355
176,2.987,317
177,3.004,284
178,3.020,289
179,3.037,309
180,3.054,307
181,3.070,339
182,3.087,292
183,3.103,340
184,3.120,294
185,3.137,328
186,3.153,309
187,3.170,302
188,3.187,281
189,3.203,355
190,3.220,304
191,3.236,303
192,3.253,301
193,3.270,408
194,3.286,338
195,3.303,319
196,3.320,286
197,3.336,294
198,3.353,281
199,3.370,345
200,3.386,283
201,3.403,267
202,3.419,330
203,3.436,338
204,3.453,365
205,3.469,333
206,3.486,295
207,3.503,277
208,3.519,352
209,3.536,281
210,3.553,265
211,3.569,349
212,3.586,259
213,3.602,301
214,3.619,295
215,3.636,274
216,3.652,324
217,3.669,276
218,3.686,272
219,3.702,277
220,3.719,310
221,3.735,387
222,3.752,288
223,3.769,399
224,3.785,404
225,3.802,311
226,3.819,275
227,3.835,289
228,3.852,291
229,3.869,311
230,3.885,391
231,3.902,344
232,3.918,348
233,3.935,411
234,3.952,333
235,3.968,356
236,3.985,291
237,4.002,343
238,4.018,273
239,4.035,293
240,4.052,433
241,4.068,438
242,4.085,308
243,4.101,337
244,4.118,341
245,4.135,256
246,4.151,331
247,4.168,268
248,4.185,261
249,4.201,285
250,4.218,276
251,4.234,309
252,4.251,278
253,4.268,403
254,4.284,278
255,4.301,499
256,4.318,364
257,4.334,458
258,4.351,417
259,4.368,255
260,4.384,284
261,4.401,323
262,4.417,451
263,4.434,323
264,4.451,485
265,4.467,270
266,4.484,288
267,4.501,269
268,4.517,352
269,4.534,357
270,4.550,289
271,4.567,486
272,4.584,308
273,4.600,269
274,4.617,298
275,4.634,311
276,4.650,258
277,4.667,326
278,4.684,275
279,4.700,277
280,4.717,296
281,4.733,317
282,4.750,255
283,4.767,280
284,4.783,268
285,4.800,510
286,4.817,286
287,4.833,394
288,4.850,269
289,4.867,316
290,4.883,331
291,4.900,348
292,4.916,283
293,4.933,273
294,4.950,305
295,4.966,317
296,4.983,331
297,5.000,279
298,5.016,300
299,5.033,282
300,5.049,291
301,5.066,294
302,5.083,301
303,5.099,310
304,5.116,405
305,5.133,353
306,5.149,354
307,5.166,304
308,5.183,300
309,5.199,309
310,5.216,306
311,5.232,304
312,5.249,295
313,5.266,318
314,5.282,260
315,5.299,296
316,5.316,321
317,5.332,282
318,5.349,318
319,5.366,293
320,5.382,268
321,5.399,316
322,5.415,295
323,5.432,328
324,5.449,430
325,5.465,289
326,5.482,281
327,5.499,301
328,5.515,279
329,5.532,362
330,5.548,302
331,5.565,287
332,5.582,297
333,5.598,286
334,5.615,262
335,5.632,308
336,5.648,365
337,5.665,368
338,5.682,279
339,5.698,328
340,5.715,273
341,5.731,290
342,5.748,367
343,5.765,282
344,5.781,263
345,5.798,333
346,5.815,297
347,5.831,323
348,5.848,293
349,5.865,302
350,5.881,296
351,5.898,293
352,5.914,294
353,5.931,311
354,5.948,393
355,5.964,321
356,5.981,284
357,5.998,255
358,6.014,275
359,6.031,352
360,6.047,257
361,6.064,313
362,6.081,299
363,6.097,364
364,6.114,289
365,6.131,277
366,6.147,277
367,6.164,308
368,6.181,295
369,6.197,256
370,6.214,317
371,6.230,312
372,6.247,494
373,6.264,312
374,6.280,326
375,6.297,260
376,6.314,272
377,6.330,269
378,6.347,273
379,6.364,292
380,6.380,297
381,6.397,308
382,6.413,294
383,6.430,517
384,6.447,394
385,6.463,322
386,6.480,255
387,6.497,490
388,6.513,325
389,6.530,267
390,6.546,270
391,6.563,321
392,6.580,337
393,6.596,410
394,6.613,283
395,6.630,259
396,6.646,331
397,6.663,333
398,6.680,309
399,6.696,337
400,6.713,440
401,6.729,329
402,6.746,309
403,6.763,338
404,6.779,306
405,6.796,296
406,6.813,264
407,6.829,356
408,6.846,349
409,6.863,266
410,6.879,282
411,6.896,274
412,6.912,313
413,6.929,303
414,6.946,393
415,6.962,420
416,6.979,284
417,6.996,305
418,7.012,344
419,7.029,304
420,7.045,302
421,7.062,297
422,7.079,354
423,7.095,373
424,7.112,381
425,7.129,358
426,7.145,314
427,7.162,319
428,7.179,286
429,7.195,303
430,7.212,283
431,7.228,377
432,7.245,316
433,7.262,307
434,7.278,401
435,7.295,317
436,7.312,328
437,7.328,333
438,7.345,377
439,7.362,297
440,7.378,389
441,7.395,300
442,7.411,351
443,7.428,364
444,7.445,347
445,7.461,294
446,7.478,362
447,7.495,310
448,7.511,463
449,7.528,278
450,7.544,280
451,7.561,286
452,7.578,315
453,7.594,255
454,7.611,396
455,7.628,442
456,7.644,287
457,7.661,311
458,7.678,313
459,7.694,255
460,7.711,282
461,7.727,286
462,7.744,268
463,7.761,304
464,7.777,463
465,7.794,264
466,7.811,347
467,7.827,255
468,7.844,319
469,7.861,306
470,7.877,324
471,7.894,255
472,7.910,272
473,7.927,270
474,7.944,382
475,7.960,321
476,7.977,330
477,7.994,475
478,8.010,461
479,8.027,510
480,8.043,510
481,8.060,511
482,8.077,527
483,8.093,611
484,8.110,620
485,8.127,522
486,8.143,673
487,8.160,728
488,8.177,677
489,8.193,692
490,8.210,719
491,8.226,754
492,8.243,723
493,8.260,636
494,8.276,650
495,8.293,765
496,8.310,570
497,8.326,764
498,8.343,549
499,8.360,920
500,8.376,563
501,8.393,648
502,8.409,547
503,8.426,555
504,8.443,549
505,8.459,548
506,8.476,513
507,8.493,584
508,8.509,510
509,8.526,511
510,8.542,600
511,8.559,532
512,8.576,510
513,8.592,405
514,8.609,497
515,8.626,510
516,8.642,517
517,8.659,510
518,8.676,431
519,8.692,453
520,8.709,478
521,8.726,436
522,8.742,510
523,8.759,511
524,8.775,359
525,8.792,527
526,8.809,510
527,8.825,510
528,8.842,481
529,8.859,311
530,8.875,434
531,8.892,510
532,8.908,426
533,8.925,510
534,8.942,355
535,8.958,510
536,8.975,316
537,8.992,510
538,9.008,288
539,9.025,510
540,9.042,295
541,9.058,510
542,9.075,513
543,9.091,510
544,9.108,510
545,9.125,279
546,9.141,423
547,9.158,301
548,9.175,337
549,9.191,315
550,9.208,510
551,9.225,442
552,9.241,510
553,9.258,287
554,9.274,464
555,9.291,328
556,9.308,510
557,9.324,320
558,9.341,385
559,9.358,400
560,9.374,297
561,9.391,305
562,9.407,373
563,9.424,317
564,9.441,340
565,9.457,416
566,9.474,351
567,9.491,348
568,9.507,298
569,9.524,282
570,9.541,365
571,9.557,322
572,9.574,324
573,9.590,510
574,9.607,303
575,9.624,422
576,9.640,353
577,9.657,301
578,9.674,344
579,9.690,287
580,9.707,311
581,9.724,333
582,9.740,289
583,9.757,359
584,9.773,290
585,9.790,284
586,9.807,322
587,9.823,313
588,9.840,272
589,9.857,299
590,9.873,350
591,9.890,309
592,9.906,358
593,9.923,343
594,9.940,284
595,9.956,289
596,9.973,290
597,9.990,318
598,10.006,358
599,10.023,443
600,10.040,354
601,10.056,510
602,10.073,316
603,10.089,380
604,10.106,334
605,10.123,510
606,10.139,425
607,10.156,264
608,10.173,299
609,10.189,311
610,10.206,432
611,10.223,274
612,10.239,286
613,10.256,326
614,10.272,320
615,10.289,279
616,10.306,266
617,10.322,391
618,10.339,305
619,10.356,275
620,10.372,302
621,10.389,377
622,10.405,320
623,10.422,333
624,10.439,309
625,10.455,387
626,10.472,397
627,10.489,291
628,10.505,271
629,10.522,316
630,10.539,307
631,10.555,333
632,10.572,354
633,10.588,351
634,10.605,354
635,10.622,326
636,10.638,305
637,10.655,279
638,10.672,347
639,10.688,418
640,10.705,368
641,10.722,389
642,10.738,268
643,10.755,280
644,10.771,308
645,10.788,347
646,10.805,311
647,10.821,306
648,10.838,327
649,10.855,327
650,10.871,324
651,10.888,296
652,10.904,349
653,10.921,296
654,10.938,329
655,10.954,347
656,10.971,269
657,10.988,317
658,11.004,353
659,11.021,382
660,11.038,405
661,11.054,432
662,11.071,350
663,11.087,296
664,11.104,311
665,11.121,314
666,11.137,325
667,11.154,357
668,11.171,305
669,11.187,260
670,11.204,404
671,11.221,302
672,11.237,371
673,11.254,299
674,11.270,313
675,11.287,320
676,11.304,563
677,11.320,318
678,11.337,557
679,11.354,379
680,11.370,344
681,11.387,414
682,11.403,334
683,11.420,275
684,11.437,337
685,11.453,302
686,11.470,376
687,11.487,304
688,11.503,510
689,11.520,367
690,11.537,507
691,11.553,460
692,11.570,296
693,11.586,311
694,11.603,510
695,11.620,379
696,11.636,698
697,11.653,510
698,11.670,362
699,11.686,510
700,11.703,442
701,11.719,346
702,11.736,317
703,11.753,306
704,11.769,449
705,11.786,444
706,11.803,510
707,11.819,561
708,11.836,326
709,11.853,513
710,11.869,325
711,11.886,350
712,11.902,687
713,11.919,568
714,11.936,508
715,11.952,732
716,11.969,447
717,11.986,517
718,12.002,541
719,12.019,451
720,12.036,555
721,12.052,387
722,12.069,465
723,12.085,368
724,12.102,403
725,12.119,439
726,12.135,515
727,12.152,608
728,12.169,527
729,12.185,570
730,12.202,434
731,12.218,551
732,12.235,520
733,12.252,458
734,12.268,598
735,12.285,487
736,12.302,510
737,12.318,575
738,12.335,411
739,12.352,569
740,12.368,471
741,12.385,613
742,12.401,549
743,12.418,482
744,12.435,491
745,12.451,565
746,12.468,529
747,12.485,482
748,12.501,577
749,12.518,544
750,12.535,716
751,12.551,607
752,12.568,550
753,12.584,598
754,12.601,513
755,12.618,341
756,12.634,518
757,12.651,792
758,12.668,703
759,12.684,563
760,12.701,429
761,12.717,431
762,12.734,407
763,12.751,510
764,12.767,638
765,12.784,532
766,12.801,410
767,12.817,416
768,12.834,419
769,12.851,416
770,12.867,554
771,12.884,694
772,12.900,746
773,12.917,579
774,12.934,685
775,12.950,547
776,12.967,483
777,12.984,510
778,13.000,510
779,13.017,411
780,13.034,531
781,13.050,621
782,13.067,575
783,13.083,570
784,13.100,600
785,13.117,524
786,13.133,439
787,13.150,427
788,13.167,560
789,13.183,530
790,13.200,715
791,13.216,529
792,13.233,546
793,13.250,505
794,13.266,748
795,13.283,492
796,13.300,563
797,13.316,510
798,13.333,468
799,13.350,510
800,13.366,503
801,13.383,547
802,13.399,510
803,13.416,551
804,13.433,500
805,13.449,381
806,13.466,468
807,13.483,559
808,13.499,517
809,13.516,622
810,13.533,517
811,13.549,424
812,13.566,567
813,13.582,490
814,13.599,726
815,13.616,527
816,13.632,679
817,13.649,617
818,13.666,510
819,13.682,557
820,13.699,510
821,13.715,750
822,13.732,489
823,13.749,511
824,13.765,571
825,13.782,572
826,13.799,516
827,13.815,507
828,13.832,541
829,13.849,547
830,13.865,530
831,13.882,511
832,13.898,485
833,13.915,539
834,13.932,510
835,13.948,550
836,13.965,513
837,13.982,342
838,13.998,638
839,14.015,482
840,14.032,445
841,14.048,500
842,14.065,521
843,14.081,510
844,14.098,627
845,14.115,582
846,14.131,375
847,14.148,435
848,14.165,529
849,14.181,510
850,14.198,455
851,14.214,510
852,14.231,520
853,14.248,510
854,14.264,922
855,14.281,510
856,14.298,622
857,14.314,399
858,14.331,520
859,14.348,573
860,14.364,541
861,14.381,418
862,14.397,527
863,14.414,402
864,14.431,826
865,14.447,521
866,14.464,511
867,14.481,646
868,14.497,435
869,14.514,533
870,14.531,522
871,14.547,510
872,14.564,526
873,14.580,437
874,14.597,510
875,14.614,549
876,14.630,423
877,14.647,663
878,14.664,440
879,14.680,691
880,14.697,510
881,14.713,565
882,14.730,341
883,14.747,334
884,14.763,376
885,14.780,624
886,14.797,510
887,14.813,452
888,14.830,443
889,14.847,517
890,14.863,387
891,14.880,476
892,14.896,403
893,14.913,457
894,14.930,514
895,14.946,522
896,14.963,329
897,14.980,348
898,14.996,484
899,15.013,519
900,15.030,510
901,15.046,459
902,15.063,510
903,15.079,363
904,15.096,511
905,15.113,390
906,15.129,531
907,15.146,522
908,15.163,395
909,15.179,510
910,15.196,527
911,15.212,517
912,15.229,428
913,15.246,564
914,15.262,530
915,15.279,510
916,15.296,550
917,15.312,510
918,15.329,945
919,15.346,396
920,15.362,613
921,15.379,510
922,15.395,361
923,15.412,339
924,15.429,442
925,15.445,403
926,15.462,383
927,15.479,496
928,15.495,378
929,15.512,543
930,15.529,637
931,15.545,584
932,15.562,663
933,15.578,593
934,15.595,646
935,15.612,890
936,15.628,1310
937,15.645,733
938,15.662,951
939,15.678,599
940,15.695,578
941,15.711,523
942,15.728,757
943,15.745,539
944,15.761,733
945,15.778,656
946,15.795,615
947,15.811,765
948,15.828,941
949,15.845,1237
950,15.861,1676
951,15.878,2603
952,15.894,3424
953,15.911,3865
954,15.928,4167
955,15.944,5258
956,15.961,5155
957,15.978,6523
958,15.994,6903
959,16.011,6983
960,16.028,7217
961,16.044,7224
962,16.061,7666
963,16.077,7042
964,16.094,7104
965,16.111,6643
966,16.127,6618
967,16.144,6607
968,16.161,7380
969,16.177,7094
970,16.194,6900
971,16.210,7242
972,16.227,6824
973,16.244,6747
974,16.260,6681
975,16.277,7186
976,16.294,7106
977,16.310,6944
978,16.327,6626
979,16.344,6324
980,16.360,5956
981,16.377,5702
982,16.394,6112
983,16.410,6276
984,16.427,5049
985,16.443,5227
986,16.460,12528
987,16.477,25776
988,16.493,46100
989,16.510,75178
990,16.527,101878
991,16.543,131278
992,16.560,159636
993,16.576,190201
994,16.593,208871
995,16.610,237086
996,16.626,258346
997,16.643,264876
998,16.660,284523
999,16.676,308222
1000,16.693,313763
1001,16.710,315106
1002,16.726,324556
1003,16.743,315124
1004,16.759,323259
1005,16.776,296534
1006,16.793,272557
1007,16.809,264565
1008,16.826,237480
1009,16.843,207381
1010,16.859,179924
1011,16.876,154094
1012,16.893,133823
1013,16.909,108008
1014,16.926,86642
1015,16.942,72974
1016,16.959,60436
1017,16.976,48115
1018,16.992,37742
1019,17.009,34154
1020,17.026,28995
1021,17.042,26045
1022,17.059,20989
1023,17.075,18103
1024,17.092,16110
1025,17.109,13686
1026,17.125,11885
1027,17.142,11849
1028,17.159,11836
1029,17.175,10167
1030,17.192,10666
1031,17.209,7801
1032,17.225,8417
1033,17.242,8303
1034,17.258,7900
1035,17.275,6082
1036,17.292,6069
1037,17.308,4991
1038,17.325,5180
1039,17.342,5277
1040,17.358,4963
1041,17.375,5427
1042,17.392,5991
1043,17.408,5019
1044,17.425,5740
1045,17.441,5948
1046,17.458,5933
1047,17.475,5251
1048,17.491,5569
1049,17.508,5184
1050,17.525,5114
1051,17.541,4692
1052,17.558,4267
1053,17.574,5088
1054,17.591,4706
1055,17.608,5409
1056,17.624,4592
1057,17.641,5003
1058,17.658,4557
1059,17.674,5494
1060,17.691,6279
1061,17.708,5988
1062,17.724,5252
1063,17.741,5091
1064,17.757,4883
1065,17.774,5084
1066,17.791,6328
1067,17.807,11460
1068,17.824,23214
1069,17.841,34915
1070,17.857,58305
1071,17.874,72007
1072,17.891,81408
1073,17.907,102823
1074,17.924,100026
1075,17.940,112874
1076,17.957,109205
1077,17.974,132077
1078,17.990,128808
1079,18.007,143792
1080,18.024,147556
1081,18.040,148075
1082,18.057,156091
1083,18.073,151001
1084,18.090,148585
1085,18.107,140777
1086,18.123,143542
1087,18.140,138049
1088,18.157,128207
1089,18.173,122009
1090,18.190,123015
1091,18.207,112682
1092,18.223,99904
1093,18.240,90923
1094,18.256,82593
1095,18.273,70721
1096,18.290,63585
1097,18.306,58596
1098,18.323,50533
1099,18.340,40488
1100,18.356,37118
1101,18.373,32505
1102,18.390,27999
1103,18.406,25626
1104,18.423,19828
1105,18.439,16344
1106,18.456,13048
1107,18.473,12561
1108,18.489,9973
1109,18.506,8505
1110,18.523,6843
1111,18.539,7071
1112,18.556,5801
1113,18.572,4322
1114,18.589,4158
1115,18.606,4157
1116,18.622,3568
1117,18.639,3283
1118,18.656,3145
1119,18.672,3200
1120,18.689,3231
1121,18.706,2667
1122,18.722,2870
1123,18.739,2991
1124,18.755,2341
1125,18.772,2638
1126,18.789,2776
1127,18.805,2700
1128,18.822,2710
1129,18.839,2315
1130,18.855,2356
1131,18.872,1965
1132,18.888,2497
1133,18.905,2328
1134,18.922,2469
1135,18.938,1921
1136,18.955,2502
1137,18.972,2187
1138,18.988,1934
1139,19.005,2427
1140,19.022,2509
1141,19.038,1694
1142,19.055,1752
1143,19.071,1595
1144,19.088,2336
1145,19.105,1930
1146,19.121,1694
1147,19.138,2331
1148,19.155,1544
1149,19.171,1738
1150,19.188,1640
1151,19.205,2198
1152,19.221,2334
1153,19.238,1508
1154,19.254,1743
1155,19.271,1509
1156,19.288,2424
1157,19.304,1980
1158,19.321,2424
1159,19.338,2525
1160,19.354,2449
1161,19.371,2250
1162,19.387,3050
1163,19.404,3367
1164,19.421,3229
1165,19.437,4591
1166,19.454,4874
1167,19.471,6055
1168,19.487,10343
1169,19.504,11670
1170,19.521,19319
1171,19.537,24142
1172,19.554,32468
1173,19.570,39460
1174,19.587,43342
1175,19.604,49822
1176,19.620,53539
1177,19.637,54634
1178,19.654,54209
1179,19.670,57731
1180,19.687,62784
1181,19.704,60305
1182,19.720,57007
1183,19.737,58495
1184,19.753,57140
1185,19.770,57461
1186,19.787,54713
1187,19.803,52570
1188,19.820,56909
1189,19.837,48536
1190,19.853,49643
1191,19.870,49224
1192,19.886,44694
1193,19.903,42350
1194,19.920,41747
1195,19.936,36351
1196,19.953,31981
1197,19.970,35916
1198,19.986,31027
1199,20.003,36751
1200,20.020,28733
1201,20.036,23577
1202,20.053,25885
1203,20.069,20124
1204,20.086,21604
1205,20.103,19441
1206,20.119,20652
1207,20.136,19037
1208,20.153,18307
1209,20.169,18727
1210,20.186,14937
1211,20.203,15400
1212,20.219,14208
1213,20.236,12802
1214,20.252,13155
1215,20.269,12188
1216,20.286,12660
1217,20.302,10682
1218,20.319,10840
1219,20.336,10685
1220,20.352,9455
1221,20.369,8553
1222,20.385,7521
1223,20.402,8554
1224,20.419,7903
1225,20.435,9267
1226,20.452,8177
1227,20.469,9462
1228,20.485,6932
1229,20.502,7434
1230,20.519,5447
1231,20.535,5830
1232,20.552,6277
1233,20.568,7069
1234,20.585,5284
1235,20.602,5509
1236,20.618,5208
1237,20.635,5367
1238,20.652,5303
1239,20.668,4773
1240,20.685,4806
1241,20.702,4821
1242,20.718,4150
1243,20.735,3846
1244,20.751,4692
1245,20.768,4096
1246,20.785,5510
1247,20.801,4395
1248,20.818,4028
1249,20.835,4245
1250,20.851,3851
1251,20.868,4753
1252,20.884,3770
1253,20.901,4275
1254,20.918,5017
1255,20.934,3621
1256,20.951,4925
1257,20.968,4947
1258,20.984,4393
1259,21.001,3277
1260,21.018,3792
1261,21.034,3789
1262,21.051,3837
1263,21.067,3440
1264,21.084,3696
1265,21.101,4451
1266,21.117,3315
1267,21.134,2875
1268,21.151,3381
1269,21.167,3292
1270,21.184,2638
1271,21.201,3132
1272,21.217,3105
1273,21.234,3898
1274,21.250,3189
1275,21.267,3326
1276,21.284,3309
1277,21.300,2546
1278,21.317,2892
1279,21.334,3482
1280,21.350,3404
1281,21.367,2836
1282,21.383,2575
1283,21.400,2935
1284,21.417,2713
1285,21.433,3029
1286,21.450,3131
1287,21.467,2864
1288,21.483,2785
1289,21.500,2907
1290,21.517,2709
1291,21.533,2413
1292,21.550,2691
1293,21.566,3001
1294,21.583,3345
1295,21.600,3036
1296,21.616,2511
1297,21.633,2662
1298,21.650,2464
1299,21.666,2850
1300,21.683,2549
1301,21.700,2470
1302,21.716,2850
1303,21.733,1998
1304,21.749,2678
1305,21.766,1978
1306,21.783,3074
1307,21.799,2318
1308,21.816,2506
1309,21.833,2735
1310,21.849,2789
1311,21.866,2039
1312,21.882,2233
1313,21.899,2417
1314,21.916,2111
1315,21.932,2569
1316,21.949,2521
1317,21.966,1951
1318,21.982,2116
1319,21.999,2309
1320,22.016,1707
1321,22.032,1861
1322,22.049,2607
1323,22.065,2014
1324,22.082,2580
1325,22.099,2037
1326,22.115,2553
1327,22.132,1935
1328,22.149,1662
1329,22.165,2136
1330,22.182,2067
1331,22.199,2491
1332,22.215,2610
1333,22.232,2019
1334,22.248,2429
1335,22.265,2101
1336,22.282,1745
1337,22.298,1589
1338,22.315,1826
1339,22.332,1582
1340,22.348,1861
1341,22.365,1706
1342,22.381,1915
1343,22.398,1656
1344,22.415,1806
1345,22.431,1366
1346,22.448,1609
1347,22.465,1853
1348,22.481,1771
1349,22.498,2001
1350,22.515,1370
1351,22.531,1765
1352,22.548,2027
1353,22.564,1628
1354,22.581,2106
1355,22.598,1369
1356,22.614,2002
1357,22.631,1425
1358,22.648,1345
1359,22.664,1494
1360,22.681,2297
1361,22.698,1147
1362,22.714,1494
1363,22.731,1553
1364,22.747,1329
1365,22.764,1443
1366,22.781,1838
1367,22.797,1609
1368,22.814,2413
1369,22.831,1563
1370,22.847,1597
1371,22.864,2133
1372,22.880,1962
1373,22.897,1783
1374,22.914,1569
1375,22.930,1832
1376,22.947,1375
1377,22.964,1578
1378,22.980,1545
1379,22.997,1446
1380,23.014,1735
1381,23.030,1573
1382,23.047,2121
1383,23.063,2020
1384,23.080,1485
1385,23.097,1708
1386,23.113,1730
1387,23.130,1652
1388,23.147,1946
1389,23.163,1448
1390,23.180,1345
1391,23.197,2102
1392,23.213,1771
1393,23.230,1766
1394,23.246,1698
1395,23.263,1552
1396,23.280,1546
1397,23.296,1651
1398,23.313,1442
1399,23.330,1386
1400,23.346,1522
1401,23.363,1877
1402,23.379,1714
1403,23.396,1726
1404,23.413,1491
1405,23.429,1617
1406,23.446,1501
1407,23.463,1904
1408,23.479,1920
1409,23.496,1776
1410,23.513,2170
1411,23.529,2201
1412,23.546,2039
1413,23.562,2640
1414,23.579,2313
1415,23.596,2347
1416,23.612,2183
1417,23.629,2446
1418,23.646,2664
1419,23.662,2248
1420,23.679,3322
1421,23.696,2905
1422,23.712,2332
1423,23.729,2266
1424,23.745,2056
1425,23.762,2823
1426,23.779,2377
1427,23.795,2503
1428,23.812,2612
1429,23.829,2218
1430,23.845,2550
1431,23.862,1973
1432,23.878,2679
1433,23.895,2396
1434,23.912,1737
1435,23.928,1653
1436,23.945,1628
1437,23.962,2339
1438,23.978,1706
1439,23.995,1736
1440,24.012,1672
1441,24.028,1265
1442,24.045,1430
1443,24.062,1341
1444,24.078,1377
1445,24.095,1398
1446,24.111,1580
1447,24.128,1149
1448,24.145,1351
1449,24.161,1674
1450,24.178,1453
1451,24.195,1297
1452,24.211,1462
1453,24.228,1244
1454,24.244,1385
1455,24.261,1004
1456,24.278,1793
1457,24.294,1078
1458,24.311,1472
1459,24.328,1324
1460,24.344,1471
1461,24.361,1194
1462,24.378,1099
1463,24.394,1597
1464,24.411,1366
1465,24.427,1424
1466,24.444,1715
1467,24.461,1213
1468,24.477,1155
1469,24.494,1376
1470,24.511,1534
1471,24.527,2084
1472,24.544,1780
1473,24.561,2198
1474,24.577,2127
1475,24.594,1428
1476,24.610,2323
1477,24.627,1542
1478,24.644,1975
1479,24.660,2050
1480,24.677,1942
1481,24.694,2950
1482,24.710,1635
1483,24.727,3264
1484,24.743,1912
1485,24.760,3056
1486,24.777,2075
1487,24.793,2581
1488,24.810,2496
1489,24.827,1705
1490,24.843,3052
1491,24.860,1786
1492,24.877,1508
1493,24.893,1753
1494,24.910,2065
1495,24.926,1612
1496,24.943,1913
1497,24.960,1682
1498,24.976,1540
1499,24.993,1276
1500,25.010,1720
1501,25.026,1249
1502,25.043,1453
1503,25.060,1477
1504,25.076,1470
1505,25.093,1110
1506,25.109,1223
1507,25.126,1276
1508,25.143,1583
1509,25.159,1115
1510,25.176,1098
1511,25.193,1226
1512,25.209,970
1513,25.226,1296
1514,25.242,1129
1515,25.259,1220
1516,25.276,872
1517,25.292,928
1518,25.309,1532
1519,25.326,907
1520,25.342,859
1521,25.359,1335
1522,25.376,1126
1523,25.392,936
1524,25.409,1002
1525,25.425,1280
1526,25.442,1175
1527,25.459,1110
1528,25.475,1060
1529,25.492,1113
1530,25.509,1052
1531,25.525,1365
1532,25.542,890
1533,25.558,873
1534,25.575,1514
1535,25.592,1054
1536,25.608,947
1537,25.625,893
1538,25.642,1140
1539,25.658,1174
1540,25.675,1508
1541,25.692,1385
1542,25.708,901
1543,25.725,1774
1544,25.741,1510
1545,25.758,1584
1546,25.775,1306
1547,25.791,830
1548,25.808,1186
1549,25.825,1103
1550,25.841,1438
1551,25.858,1173
1552,25.875,845
1553,25.891,878
1554,25.908,1429
1555,25.924,814
1556,25.941,1222
1557,25.958,925
1558,25.974,1196
1559,25.991,814
1560,26.008,929
1561,26.024,890
1562,26.041,1182
1563,26.057,1021
1564,26.074,819
1565,26.091,845
1566,26.107,1222
1567,26.124,1171
1568,26.141,1257
1569,26.157,1114
1570,26.174,1217
1571,26.191,1030
1572,26.207,1407
1573,26.224,845
1574,26.240,904
1575,26.257,1116
1576,26.274,883
1577,26.290,834
1578,26.307,979
1579,26.324,925
1580,26.340,981
1581,26.357,925
1582,26.374,837
1583,26.390,944
1584,26.407,749
1585,26.423,1222
1586,26.440,1301
1587,26.457,1113
1588,26.473,825
1589,26.490,1176
1590,26.507,1151
1591,26.523,1063
1592,26.540,1361
1593,26.556,1563
1594,26.573,1237
1595,26.590,1019
1596,26.606,1170
1597,26.623,1025
1598,26.640,968
1599,26.656,1015
1600,26.673,1536
1601,26.690,899
1602,26.706,1858
1603,26.723,880
1604,26.739,945
1605,26.756,1278
1606,26.773,1268
1607,26.789,1062
1608,26.806,1101
1609,26.823,1303
1610,26.839,1164
1611,26.856,1062
1612,26.873,989
1613,26.889,975
1614,26.906,1004
1615,26.922,1091
1616,26.939,789
1617,26.956,1045
1618,26.972,1168
1619,26.989,1162
1620,27.006,1216
1621,27.022,1002
1622,27.039,965
1623,27.055,935
1624,27.072,926
1625,27.089,835
1626,27.105,1175
1627,27.122,871
1628,27.139,987
1629,27.155,1013
1630,27.172,1058
1631,27.189,1215
1632,27.205,1265
1633,27.222,1030
1634,27.238,1024
1635,27.255,971
1636,27.272,916
1637,27.288,1010
1638,27.305,1026
1639,27.322,768
1640,27.338,1079
1641,27.355,1111
1642,27.372,1238
1643,27.388,1291
1644,27.405,1226
1645,27.421,901
1646,27.438,1037
1647,27.455,1076
1648,27.471,860
1649,27.488,936
1650,27.505,977
1651,27.521,794
1652,27.538,793
1653,27.554,873
1654,27.571,1424
1655,27.588,890
1656,27.604,913
1657,27.621,989
1658,27.638,1251
1659,27.654,830
1660,27.671,1092
1661,27.688,891
1662,27.704,1178
1663,27.721,988
1664,27.737,1226
1665,27.754,945
1666,27.771,791
1667,27.787,812
1668,27.804,983
1669,27.821,832
1670,27.837,956
1671,27.854,1050
1672,27.871,1089
1673,27.887,799
1674,27.904,822
1675,27.920,1101
1676,27.937,1020
1677,27.954,891
1678,27.970,746
1679,27.987,792
1680,28.004,938
1681,28.020,982
1682,28.037,890
1683,28.053,960
1684,28.070,818
1685,28.087,798
1686,28.103,932
1687,28.120,712
1688,28.137,932
1689,28.153,1058
1690,28.170,1040
1691,28.187,890
1692,28.203,1139
1693,28.220,1005
1694,28.236,913
1695,28.253,1043
1696,28.270,943
1697,28.286,866
1698,28.303,1027
1699,28.320,885
1700,28.336,801
1701,28.353,963
1702,28.370,1036
1703,28.386,1249
1704,28.403,1074
1705,28.419,1246
1706,28.436,957
1707,28.453,1103
1708,28.469,986
1709,28.486,984
1710,28.503,742
1711,28.519,815
1712,28.536,961
1713,28.552,877
1714,28.569,687
1715,28.586,970
1716,28.602,986
1717,28.619,1137
1718,28.636,940
1719,28.652,829
1720,28.669,1027
1721,28.686,618
1722,28.702,893
1723,28.719,724
1724,28.735,982
1725,28.752,934
1726,28.769,671
1727,28.785,1208
1728,28.802,1025
1729,28.819,754
1730,28.835,881
1731,28.852,977
1732,28.869,951
1733,28.885,580
1734,28.902,899
1735,28.918,1003
1736,28.935,1078
1737,28.952,1111
1738,28.968,1297
1739,28.985,982
1740,29.002,878
1741,29.018,1154
1742,29.035,832
1743,29.051,996
1744,29.068,816
1745,29.085,937
1746,29.101,1232
1747,29.118,786
1748,29.135,854
1749,29.151,685
1750,29.168,676
1751,29.185,1045
1752,29.201,937
1753,29.218,934
1754,29.234,971
1755,29.251,757
1756,29.268,833
1757,29.284,734
1758,29.301,1035
1759,29.318,815
1760,29.334,786
1761,29.351,777
1762,29.368,766
1763,29.384,924
1764,29.401,1032
1765,29.417,795
1766,29.434,764
1767,29.451,772
1768,29.467,656
1769,29.484,847
1770,29.501,711
1771,29.517,765
1772,29.534,1008
1773,29.550,544
1774,29.567,738
1775,29.584,897
1776,29.600,661
1777,29.617,1094
1778,29.634,834
1779,29.650,793
1780,29.667,785
1781,29.684,977
1782,29.700,769
1783,29.717,854
1784,29.733,808
1785,29.750,1170
1786,29.767,727
1787,29.783,796
1788,29.800,926
1789,29.817,1164
1790,29.833,822
1791,29.850,822
1792,29.867,854
1793,29.883,1124
1794,29.900,719
1795,29.916,869
1796,29.933,657
1797,29.950,802
1798,29.966,662
1799,29.983,1176
1800,30.000,936
1801,30.016,844
1802,30.033,739
1803,30.049,932
1804,30.066,735
1805,30.083,615
1806,30.099,739
1807,30.116,784
1808,30.133,777
1809,30.149,1025
1810,30.166,1023
1811,30.183,1020
1812,30.199,883
1813,30.216,808
1814,30.232,787
1815,30.249,629
1816,30.266,646
1817,30.282,1066
1818,30.299,581
1819,30.316,698
1820,30.332,939
1821,30.349,752
1822,30.366,884
1823,30.382,772
1824,30.399,1144
1825,30.415,804
1826,30.432,598
1827,30.449,650
1828,30.465,660
1829,30.482,712
1830,30.499,677
1831,30.515,859
1832,30.532,631
1833,30.548,693
1834,30.565,646
1835,30.582,1245
1836,30.598,1020
1837,30.615,595
1838,30.632,651
1839,30.648,964
1840,30.665,529
1841,30.682,564
1842,30.698,830
1843,30.715,1347
1844,30.731,845
1845,30.748,1231
1846,30.765,833
1847,30.781,689
1848,30.798,828
1849,30.815,700
1850,30.831,678
1851,30.848,675
1852,30.865,953
1853,30.881,861
1854,30.898,1052
1855,30.914,788
1856,30.931,824
1857,30.948,768
1858,30.964,1081
1859,30.981,686
1860,30.998,649
1861,31.014,684
1862,31.031,784
1863,31.047,1083
1864,31.064,950
1865,31.081,938
1866,31.097,1029
1867,31.114,869
1868,31.131,878
1869,31.147,721
1870,31.164,566
1871,31.181,741
1872,31.197,667
1873,31.214,656
1874,31.230,889
1875,31.247,850
1876,31.264,536
1877,31.280,670
1878,31.297,788
1879,31.314,762
1880,31.330,1132
1881,31.347,970
1882,31.364,786
1883,31.380,776
1884,31.397,997
1885,31.413,692
1886,31.430,644
1887,31.447,680
1888,31.463,642
1889,31.480,573
1890,31.497,761
1891,31.513,808
1892,31.530,775
1893,31.546,956
1894,31.563,758
1895,31.580,541
1896,31.596,834
1897,31.613,782
1898,31.630,759
1899,31.646,697
1900,31.663,755
1901,31.680,779
1902,31.696,735
1903,31.713,994
1904,31.730,1329
1905,31.746,773
1906,31.763,708
1907,31.779,592
1908,31.796,638
1909,31.813,673
1910,31.829,626
1911,31.846,659
1912,31.863,680
1913,31.879,602
1914,31.896,619
1915,31.912,817
1916,31.929,847
1917,31.946,765
1918,31.962,807
1919,31.979,631
1920,31.996,654
1921,32.012,711
1922,32.029,875
1923,32.046,771
1924,32.062,625
1925,32.079,605
1926,32.095,849
1927,32.112,718
1928,32.129,1073
1929,32.145,955
1930,32.162,1112
1931,32.179,818
1932,32.195,620
1933,32.212,638
1934,32.229,735
1935,32.245,752
1936,32.262,890
1937,32.278,780
1938,32.295,514
1939,32.312,865
1940,32.328,816
1941,32.345,898
1942,32.362,549
1943,32.378,765
1944,32.395,645
1945,32.411,951
1946,32.428,776
1947,32.445,688
1948,32.461,539
1949,32.478,1400
1950,32.495,575
1951,32.511,657
1952,32.528,809
1953,32.545,587
1954,32.561,1071
1955,32.578,1096
1956,32.594,658
1957,32.611,681
1958,32.628,765
1959,32.644,676
1960,32.661,569
1961,32.678,596
1962,32.694,715
1963,32.711,692
1964,32.727,829
1965,32.744,677
1966,32.761,613
1967,32.777,605
1968,32.794,730
1969,32.811,780
1970,32.827,737
1971,32.844,1084
1972,32.861,736
1973,32.877,881
1974,32.894,870
1975,32.910,645
1976,32.927,665
1977,32.944,693
1978,32.960,797
1979,32.977,778
1980,32.994,559
1981,33.010,782
1982,33.027,714
1983,33.044,626
1984,33.060,854
1985,33.077,753
1986,33.093,826
1987,33.110,640
1988,33.127,655
1989,33.143,752
1990,33.160,677
1991,33.177,627
1992,33.193,802
1993,33.210,1015
1994,33.226,723
1995,33.243,611
1996,33.260,771
1997,33.276,625
1998,33.293,643
1999,33.310,636
2000,33.326,791
2001,33.343,795
2002,33.360,955
2003,33.376,558
2004,33.393,599
2005,33.409,814
2006,33.426,628
2007,33.443,839
2008,33.459,880
2009,33.476,546
2010,33.493,734
2011,33.509,685
2012,33.526,554
2013,33.543,768
2014,33.559,663
2015,33.576,602
2016,33.592,723
2017,33.609,1105
2018,33.626,666
2019,33.642,620
2020,33.659,761
2021,33.676,613
2022,33.692,841
2023,33.709,534
2024,33.725,539
2025,33.742,662
2026,33.759,771
2027,33.775,1108
2028,33.792,687
2029,33.809,724
2030,33.825,745
2031,33.842,994
2032,33.859,1182
2033,33.875,881
2034,33.892,762
2035,33.908,808
2036,33.925,685
2037,33.942,765
2038,33.958,908
2039,33.975,940
2040,33.992,908
2041,34.008,694
2042,34.025,919
2043,34.042,618
2044,34.058,549
2045,34.075,645
2046,34.091,1014
2047,34.108,770
2048,34.125,772
2049,34.141,1025
2050,34.158,570
2051,34.175,545
2052,34.191,1275
2053,34.208,1022
2054,34.224,810
2055,34.241,725
2056,34.258,1343
2057,34.274,829
2058,34.291,1029
2059,34.308,808
2060,34.324,610
2061,34.341,765
2062,34.358,906
2063,34.374,536
2064,34.391,649
2065,34.407,783
2066,34.424,702
2067,34.441,764
2068,34.457,668
2069,34.474,742
2070,34.491,966
2071,34.507,728
2072,34.524,683
2073,34.541,703
2074,34.557,829
2075,34.574,639
2076,34.590,833
2077,34.607,677
2078,34.624,1087
2079,34.640,651
2080,34.657,734
2081,34.674,586
2082,34.690,1086
2083,34.707,841
2084,34.723,967
2085,34.740,599
2086,34.757,624
2087,34.773,619
2088,34.790,765
2089,34.807,660
2090,34.823,774
2091,34.840,877
2092,34.857,695
2093,34.873,1146
2094,34.890,590
2095,34.906,682
2096,34.923,771
2097,34.940,685
2098,34.956,554
2099,34.973,577
2100,34.990,759
2101,35.006,788
2102,35.023,545
2103,35.040,791
2104,35.056,623
2105,35.073,912
2106,35.089,487
2107,35.106,586
2108,35.123,664
2109,35.139,684
2110,35.156,522
2111,35.173,548
2112,35.189,581
2113,35.206,530
2114,35.222,725
2115,35.239,977
2116,35.256,744
2117,35.272,513
2118,35.289,775
2119,35.306,511
2120,35.322,749
2121,35.339,821
2122,35.356,583
2123,35.372,668
2124,35.389,997
2125,35.405,699
2126,35.422,583
2127,35.439,989
2128,35.455,1032
2129,35.472,587
2130,35.489,525
2131,35.505,691
2132,35.522,915
2133,35.539,667
2134,35.555,883
2135,35.572,639
2136,35.588,546
2137,35.605,654
2138,35.622,738
2139,35.638,766
2140,35.655,921
2141,35.672,791
2142,35.688,781
2143,35.705,793
2144,35.721,513
2145,35.738,548
2146,35.755,557
2147,35.771,781
2148,35.788,755
2149,35.805,525
2150,35.821,557
2151,35.838,543
2152,35.855,802
2153,35.871,660
2154,35.888,822
2155,35.904,1106
2156,35.921,620
2157,35.938,560
2158,35.954,734
2159,35.971,775
2160,35.988,781
2161,36.004,927
2162,36.021,988
2163,36.038,656
2164,36.054,630
2165,36.071,510
2166,36.087,570
2167,36.104,588
2168,36.121,557
2169,36.137,646
2170,36.154,645
2171,36.171,598
2172,36.187,729
2173,36.204,874
2174,36.220,1308
2175,36.237,653
2176,36.254,565
2177,36.270,534
2178,36.287,824
2179,36.304,669
2180,36.320,633
2181,36.337,651
2182,36.354,778
2183,36.370,771
2184,36.387,749
2185,36.403,605
2186,36.420,670
2187,36.437,746
2188,36.453,555
2189,36.470,825
2190,36.487,599
2191,36.503,546
2192,36.520,825
2193,36.537,846
2194,36.553,737
2195,36.570,606
2196,36.586,732
2197,36.603,522
2198,36.620,450
2199,36.636,587
2200,36.653,633
2201,36.670,913
2202,36.686,614
2203,36.703,763
2204,36.719,699
2205,36.736,719
2206,36.753,569
2207,36.769,995
2208,36.786,834
2209,36.803,552
2210,36.819,705
2211,36.836,632
2212,36.853,1282
2213,36.869,758
2214,36.886,559
2215,36.902,591
2216,36.919,600
2217,36.936,573
2218,36.952,565
2219,36.969,952
2220,36.986,620
2221,37.002,765
2222,37.019,521
2223,37.036,682
2224,37.052,839
2225,37.069,491
2226,37.085,686
2227,37.102,510
2228,37.119,612
2229,37.135,580
2230,37.152,730
2231,37.169,664
2232,37.185,628
2233,37.202,850
2234,37.218,677
2235,37.235,576
2236,37.252,790
2237,37.268,518
2238,37.285,573
2239,37.302,681
2240,37.318,531
2241,37.335,625
2242,37.352,645
2243,37.368,571
2244,37.385,663
2245,37.401,556
2246,37.418,700
2247,37.435,574
2248,37.451,521
2249,37.468,808
2250,37.485,558
2251,37.501,589
2252,37.518,524
2253,37.535,776
2254,37.551,608
2255,37.568,630
2256,37.584,533
2257,37.601,516
2258,37.618,563
2259,37.634,704
2260,37.651,575
2261,37.668,488
2262,37.684,663
2263,37.701,573
2264,37.717,670
2265,37.734,675
2266,37.751,776
2267,37.767,595
2268,37.784,591
2269,37.801,785
2270,37.817,522
2271,37.834,704
2272,37.851,781
2273,37.867,639
2274,37.884,850
2275,37.900,925
2276,37.917,516
2277,37.934,593
2278,37.950,737
2279,37.967,514
2280,37.984,572
2281,38.000,553
2282,38.017,526
2283,38.034,582
2284,38.050,755
2285,38.067,648
2286,38.083,757
2287,38.100,566
2288,38.117,695
2289,38.133,722
2290,38.150,602
2291,38.167,537
2292,38.183,834
2293,38.200,553
2294,38.216,571
2295,38.233,587
2296,38.250,530
2297,38.266,554
2298,38.283,568
2299,38.300,680
2300,38.316,552
2301,38.333,513
2302,38.350,794
2303,38.366,688
2304,38.383,535
2305,38.399,511
2306,38.416,530
2307,38.433,627
2308,38.449,738
2309,38.466,706
2310,38.483,798
2311,38.499,787
2312,38.516,761
2313,38.533,476
2314,38.549,510
2315,38.566,880
2316,38.582,499
2317,38.599,522
2318,38.616,606
2319,38.632,723
2320,38.649,518
2321,38.666,554
2322,38.682,570
2323,38.699,790
2324,38.715,640
2325,38.732,535
2326,38.749,549
2327,38.765,800
2328,38.782,639
2329,38.799,481
2330,38.815,582
2331,38.832,516
2332,38.849,554
2333,38.865,830
2334,38.882,721
2335,38.898,768
2336,38.915,618
2337,38.932,950
2338,38.948,521
2339,38.965,925
2340,38.982,532
2341,38.998,759
2342,39.015,582
2343,39.032,543
2344,39.048,765
2345,39.065,560
2346,39.081,604
2347,39.098,421
2348,39.115,537
2349,39.131,522
2350,39.148,575
2351,39.165,413
2352,39.181,570
2353,39.198,699
2354,39.214,558
2355,39.231,553
2356,39.248,712
2357,39.264,519
2358,39.281,531
2359,39.298,553
2360,39.314,548
2361,39.331,579
2362,39.348,776
2363,39.364,711
2364,39.381,533
2365,39.398,652
2366,39.414,570
2367,39.431,510
2368,39.447,645
2369,39.464,549
2370,39.481,535
2371,39.497,655
2372,39.514,686
2373,39.531,739
2374,39.547,707
2375,39.564,599
2376,39.580,522
2377,39.597,597
2378,39.614,590
2379,39.630,766
2380,39.647,520
2381,39.664,564
2382,39.680,629
2383,39.697,584
2384,39.714,643
2385,39.730,645
2386,39.747,716
2387,39.763,842
2388,39.780,606
2389,39.797,888
2390,39.813,545
2391,39.830,641
2392,39.847,606
2393,39.863,544
2394,39.880,569
2395,39.896,619
2396,39.913,919
2397,39.930,622
2398,39.946,765
2399,39.963,682
2400,39.980,516
2401,39.996,575
2402,40.013,512
2403,40.030,497
2404,40.046,480
2405,40.063,567
2406,40.079,510
2407,40.096,559
2408,40.113,528
2409,40.129,654
2410,40.146,495
2411,40.163,641
2412,40.179,468
2413,40.196,519
2414,40.213,419
2415,40.229,721
2416,40.246,472
2417,40.262,666
2418,40.279,554
2419,40.296,415
2420,40.312,553
2421,40.329,555
2422,40.346,514
2423,40.362,509
2424,40.379,528
2425,40.395,528
2426,40.412,547
2427,40.429,604
2428,40.445,389
2429,40.462,515
2430,40.479,623
2431,40.495,880
2432,40.512,1181
2433,40.529,1054
2434,40.545,1003
2435,40.562,1137
2436,40.578,903
2437,40.595,1007
2438,40.612,728
2439,40.628,729
2440,40.645,765
2441,40.662,732
2442,40.678,702
2443,40.695,680
2444,40.712,501
2445,40.728,700
2446,40.745,515
2447,40.761,358
2448,40.778,510
2449,40.795,342
2450,40.811,394
2451,40.828,520
2452,40.845,491
2453,40.861,510
2454,40.878,550
2455,40.894,650
2456,40.911,672
2457,40.928,519
2458,40.944,577
2459,40.961,510
2460,40.978,596
2461,40.994,383
2462,41.011,511
2463,41.028,507
2464,41.044,513
2465,41.061,548
2466,41.077,444
2467,41.094,511
2468,41.111,466
2469,41.127,557
2470,41.144,510
2471,41.161,559
2472,41.177,363
2473,41.194,388
2474,41.211,553
2475,41.227,478
2476,41.244,535
2477,41.260,510
2478,41.277,446
2479,41.294,713
2480,41.310,510
2481,41.327,379
2482,41.344,506
2483,41.360,510
2484,41.377,514
2485,41.393,476
2486,41.410,402
2487,41.427,510
2488,41.443,390
2489,41.460,553
2490,41.477,510
2491,41.493,343
2492,41.510,469
2493,41.527,564
2494,41.543,424
2495,41.560,419
2496,41.576,515
2497,41.593,532
2498,41.610,342
2499,41.626,361
2500,41.643,516
2501,41.660,350
2502,41.676,342
2503,41.693,360
2504,41.710,500
2505,41.726,510
2506,41.743,410
2507,41.759,318
2508,41.776,537
2509,41.793,327
2510,41.809,475
2511,41.826,364
2512,41.843,497
2513,41.859,474
2514,41.876,510
2515,41.892,281
2516,41.909,510
2517,41.926,496
2518,41.942,449
2519,41.959,454
2520,41.976,320
2521,41.992,510
2522,42.009,288
2523,42.026,328
2524,42.042,444
2525,42.059,678
2526,42.075,300
2527,42.092,316
2528,42.109,328
2529,42.125,443
2530,42.142,350
2531,42.159,495
2532,42.175,321
2533,42.192,330
2534,42.209,331
2535,42.225,510
2536,42.242,328
2537,42.258,406
2538,42.275,477
2539,42.292,346
2540,42.308,386
2541,42.325,423
2542,42.342,341
2543,42.358,332
2544,42.375,350
2545,42.391,339
2546,42.408,347
2547,42.425,282
2548,42.441,604
2549,42.458,561
2550,42.475,1205
2551,42.491,1222
2552,42.508,1548
2553,42.525,2471
2554,42.541,2907
2555,42.558,3248
2556,42.574,3380
2557,42.591,3042
2558,42.608,1536
2559,42.624,1474
2560,42.641,956
2561,42.658,665
2562,42.674,483
2563,42.691,284
2564,42.708,376
2565,42.724,429
2566,42.741,510
2567,42.757,410
2568,42.774,539
2569,42.791,418
2570,42.807,510
2571,42.824,361
2572,42.841,346
2573,42.857,274
2574,42.874,321
2575,42.890,658
2576,42.907,351
2577,42.924,751
2578,42.940,500
2579,42.957,336
2580,42.974,543
2581,42.990,421
2582,43.007,326
2583,43.024,405
2584,43.040,409
2585,43.057,283
2586,43.073,324
2587,43.090,354
2588,43.107,305
2589,43.123,304
2590,43.140,424
2591,43.157,362
2592,43.173,490
2593,43.190,357
2594,43.207,510
2595,43.223,510
2596,43.240,311
2597,43.256,510
2598,43.273,377
2599,43.290,341
2600,43.306,353
2601,43.323,346
2602,43.340,300
2603,43.356,413
2604,43.373,510
2605,43.389,343
2606,43.406,306
2607,43.423,575
2608,43.439,289
2609,43.456,510
2610,43.473,321
2611,43.489,333
2612,43.506,307
2613,43.523,342
2614,43.539,525
2615,43.556,383
2616,43.572,510
2617,43.589,304
2618,43.606,338
2619,43.622,309
2620,43.639,351
2621,43.656,457
2622,43.672,325
2623,43.689,345
2624,43.706,326
2625,43.722,336
2626,43.739,497
2627,43.755,540
2628,43.772,306
2629,43.789,385
2630,43.805,302
2631,43.822,303
2632,43.839,310
2633,43.855,337
2634,43.872,318
2635,43.888,349
2636,43.905,340
2637,43.922,366
2638,43.938,280
2639,43.955,392
2640,43.972,456
2641,43.988,321
2642,44.005,544
2643,44.022,381
2644,44.038,338
2645,44.055,461
2646,44.071,302
2647,44.088,577
2648,44.105,675
2649,44.121,354
2650,44.138,338
2651,44.155,453
2652,44.171,379
2653,44.188,286
2654,44.205,510
2655,44.221,279
2656,44.238,291
2657,44.254,454
2658,44.271,337
2659,44.288,365
2660,44.304,362
2661,44.321,316
2662,44.338,279
2663,44.354,400
2664,44.371,359
2665,44.387,366
2666,44.404,341
2667,44.421,331
2668,44.437,312
2669,44.454,304
2670,44.471,275
2671,44.487,349
2672,44.504,318
2673,44.521,347
2674,44.537,510
2675,44.554,290
2676,44.570,507
2677,44.587,318
2678,44.604,308
2679,44.620,324
2680,44.637,363
2681,44.654,376
2682,44.670,378
2683,44.687,328
2684,44.704,510
2685,44.720,331
2686,44.737,330
2687,44.753,375
2688,44.770,491
2689,44.787,326
2690,44.803,377
2691,44.820,271
2692,44.837,311
2693,44.853,327
2694,44.870,290
2695,44.886,282
2696,44.903,375
2697,44.920,343
2698,44.936,272
2699,44.953,510
2700,44.970,352
2701,44.986,510
2702,45.003,316
2703,45.020,391
2704,45.036,302
2705,45.053,547
2706,45.069,307
2707,45.086,340
2708,45.103,531
2709,45.119,510
2710,45.136,436
2711,45.153,300
2712,45.169,287
2713,45.186,352
2714,45.203,360
2715,45.219,510
2716,45.236,331
2717,45.252,295
2718,45.269,317
2719,45.286,309
2720,45.302,289
2721,45.319,312
2722,45.336,319
2723,45.352,338
2724,45.369,327
2725,45.385,298
2726,45.402,296
2727,45.419,359
2728,45.435,339
2729,45.452,424
2730,45.469,324
2731,45.485,435
2732,45.502,338
2733,45.519,398
2734,45.535,294
2735,45.552,298
2736,45.568,364
2737,45.585,396
2738,45.602,401
2739,45.618,533
2740,45.635,311
2741,45.652,444
2742,45.668,321
2743,45.685,319
2744,45.702,514
2745,45.718,323
2746,45.735,297
2747,45.751,296
2748,45.768,319
2749,45.785,520
2750,45.801,287
2751,45.818,326
2752,45.835,325
2753,45.851,344
2754,45.868,343
2755,45.884,335
2756,45.901,289
2757,45.918,293
2758,45.934,298
2759,45.951,317
2760,45.968,518
2761,45.984,348
2762,46.001,284
2763,46.018,316
2764,46.034,282
2765,46.051,289
2766,46.067,320
2767,46.084,304
2768,46.101,282
2769,46.117,317
2770,46.134,274
2771,46.151,387
2772,46.167,412
2773,46.184,260
2774,46.201,273
2775,46.217,295
2776,46.234,510
2777,46.250,257
2778,46.267,334
2779,46.284,329
2780,46.300,392
2781,46.317,368
2782,46.334,311
2783,46.350,273
2784,46.367,274
2785,46.383,337
2786,46.400,311
2787,46.417,293
2788,46.433,288
2789,46.450,265
2790,46.467,328
2791,46.483,307
2792,46.500,269
2793,46.517,311
2794,46.533,337
2795,46.550,258
2796,46.566,290
2797,46.583,390
2798,46.600,282
2799,46.616,286
2800,46.633,344
2801,46.650,295
2802,46.666,274
2803,46.683,282
2804,46.699,267
2805,46.716,342
2806,46.733,331
2807,46.749,333
2808,46.766,361
2809,46.783,441
2810,46.799,324
2811,46.816,302
2812,46.833,255
2813,46.849,261
2814,46.866,486
2815,46.882,283
2816,46.899,277
2817,46.916,255
2818,46.932,273
2819,46.949,271
2820,46.966,291
2821,46.982,344
2822,46.999,269
2823,47.016,261
2824,47.032,312
2825,47.049,307
2826,47.065,360
2827,47.082,281
2828,47.099,301
2829,47.115,340
2830,47.132,308
2831,47.149,329
2832,47.165,263
2833,47.182,409
2834,47.199,297
2835,47.215,294
2836,47.232,276
2837,47.248,328
2838,47.265,314
2839,47.282,495
2840,47.298,311
2841,47.315,332
2842,47.332,269
2843,47.348,450
2844,47.365,336
2845,47.382,410
2846,47.398,457
2847,47.415,280
2848,47.431,477
2849,47.448,284
2850,47.465,327
2851,47.481,314
2852,47.498,307
2853,47.515,319
2854,47.531,360
2855,47.548,255
2856,47.564,265
2857,47.581,374
2858,47.598,286
2859,47.614,274
2860,47.631,297
2861,47.648,518
2862,47.664,269
2863,47.681,291
2864,47.698,375
2865,47.714,353
2866,47.731,258
2867,47.747,302
2868,47.764,279
2869,47.781,409
2870,47.797,319
2871,47.814,308
2872,47.831,353
2873,47.847,275
2874,47.864,259
2875,47.881,284
2876,47.897,302
2877,47.914,353
2878,47.930,255
2879,47.947,315
2880,47.964,305
2881,47.980,378
2882,47.997,363
2883,48.014,312
2884,48.030,378
2885,48.047,307
2886,48.063,384
2887,48.080,328
2888,48.097,275
2889,48.113,443
2890,48.130,280
2891,48.147,259
2892,48.163,264
2893,48.180,378
2894,48.197,260
2895,48.213,274
2896,48.230,379
2897,48.246,287
2898,48.263,320
2899,48.280,321
2900,48.296,348
2901,48.313,320
2902,48.330,294
2903,48.346,330
2904,48.363,291
2905,48.380,284
2906,48.396,269
2907,48.413,325
2908,48.429,282
2909,48.446,364
2910,48.463,298
2911,48.479,259
2912,48.496,514
2913,48.513,319
2914,48.529,294
2915,48.546,534
2916,48.562,590
2917,48.579,416
2918,48.596,526
2919,48.612,286
2920,48.629,285
2921,48.646,298
2922,48.662,510
2923,48.679,289
2924,48.696,256
2925,48.712,291
2926,48.729,341
2927,48.745,286
2928,48.762,296
2929,48.779,315
2930,48.795,284
2931,48.812,309
2932,48.829,255
2933,48.845,325
2934,48.862,299
2935,48.879,288
2936,48.895,337
2937,48.912,284
2938,48.928,395
2939,48.945,261
2940,48.962,255
2941,48.978,284
2942,48.995,274
2943,49.012,306
2944,49.028,269
2945,49.045,256
2946,49.061,309
2947,49.078,262
2948,49.095,334
2949,49.111,284
2950,49.128,285
2951,49.145,277
2952,49.161,285
2953,49.178,330
2954,49.195,257
2955,49.211,294
2956,49.228,312
2957,49.244,356
2958,49.261,316
2959,49.278,476
2960,49.294,330
2961,49.311,282
2962,49.328,302
2963,49.344,353
2964,49.361,264
2965,49.378,347
2966,49.394,275
2967,49.411,288
2968,49.427,300
2969,49.444,329
2970,49.461,344
2971,49.477,261
2972,49.494,286
2973,49.511,303
2974,49.527,310
2975,49.544,303
2976,49.560,286
2977,49.577,284
2978,49.594,354
2979,49.610,324
2980,49.627,311
2981,49.644,260
2982,49.660,321
2983,49.677,474
2984,49.694,301
2985,49.710,328
2986,49.727,267
2987,49.743,299
2988,49.760,265
2989,49.777,303
2990,49.793,299
2991,49.810,255
2992,49.827,308
2993,49.843,255
2994,49.860,288
2995,49.877,259
2996,49.893,347
2997,49.910,353
2998,49.926,267
2999,49.943,295
3000,49.960,397
3001,49.976,296
3002,49.993,255
